010 000 000 000 000 000 000 000 000 000 000 000 000 000 000 000 000 000 000 000
000 000 020 020 020 020 000 000 000 000 000 000 000 000 000 000 000 000 000 000
000 000 020 000 000 020 000 000 000 000 000 000 000 000 000 000 000 000 000 000
000 000 020 050 000 020 000 000 000 000 000 000 000 081 000 000 000 000 000 000
000 000 020 000 000 020 000 000 000 000 000 000 000 132 000 000 000 000 000 000 
000 000 020 000 000 020 000 000 000 000 000 000 000 183 000 000 000 000 000 000
000 000 020 020 020 020 000 000 000 000 000 000 000 000 000 000 000 000 000 000
000 000 000 000 000 000 000 000 000 000 000 000 000 000 000 000 000 000 000 000
000 000 000 000 000 000 000 000 000 000 000 000 000 000 000 000 000 000 000 000
000 000 000 000 000 071 000 000 000 000 000 000 000 000 000 000 000 000 000 000
000 000 000 000 000 132 000 000 000 000 000 000 000 000 000 000 000 000 000 000
000 000 000 000 000 163 000 000 000 000 111 132 153 000 000 000 000 000 000 000
000 000 000 000 000 000 000 000 000 000 000 000 000 000 000 000 000 000 000 000
000 000 000 000 000 000 000 000 000 000 000 000 000 000 000 000 000 000 000 000
000 000 000 000 000 000 000 000 000 000 000 000 000 000 000 000 000 000 000 000
000 000 040 040 040 000 000 000 000 000 000 000 000 000 000 000 000 000 000 000
000 000 000 000 000 000 000 000 000 000 000 000 000 000 000 000 000 000 000 000
000 000 000 000 000 000 000 000 000 101 132 193 000 000 000 000 000 000 000 000
000 000 000 000 000 000 000 000 000 000 000 000 000 000 000 000 000 000 000 000
000 000 000 000 000 000 000 000 000 000 000 000 000 000 000 000 000 000 000 000